John,Doe,1234567890
Jane,Smith,9876543210
Michael,Johnson,5551234567
